 #  Results from PENMAIN. 3D dose distribution.
 #  Dose-map box:  XL = -5.000000E+00 cm,  XU =  5.000000E+00 cm
 #                 YL = -5.000000E+00 cm,  YU =  5.000000E+00 cm
 #                 ZL =  2.000000E+01 cm,  ZU =  2.100000E+01 cm
 #  Numbers of bins:     NBX =  21, NBY =  21, NBZ =   1
 #
 #  columns 1 to 3: coordinates X,Y,Z of the bin centres
 #  4th column: dose (eV/g).
 #  5th column: statistical uncertainty (3 sigma).
 #  columns 6 to 8: bin indices IX,IY,IZ.

 -4.762E+00 -4.762E+00  2.050E+01  1.00000E-35  1.0E-35   1   1   1
 -4.762E+00 -4.286E+00  2.050E+01  1.00000E-35  1.0E-35   1   2   1
 -4.762E+00 -3.810E+00  2.050E+01  1.00000E-35  1.0E-35   1   3   1
 -4.762E+00 -3.333E+00  2.050E+01  1.00000E-35  1.0E-35   1   4   1
 -4.762E+00 -2.857E+00  2.050E+01  1.00000E-35  1.0E-35   1   5   1
 -4.762E+00 -2.381E+00  2.050E+01  1.00000E-35  1.0E-35   1   6   1
 -4.762E+00 -1.905E+00  2.050E+01  1.00000E-35  1.0E-35   1   7   1
 -4.762E+00 -1.429E+00  2.050E+01  1.00000E-35  1.0E-35   1   8   1
 -4.762E+00 -9.524E-01  2.050E+01  3.25998E-01  2.8E-01   1   9   1
 -4.762E+00 -4.762E-01  2.050E+01  7.33017E-01  4.2E-01   1  10   1
 -4.762E+00  5.000E-09  2.050E+01  3.92855E-01  3.2E-01   1  11   1
 -4.762E+00  4.762E-01  2.050E+01  6.39342E-01  4.0E-01   1  12   1
 -4.762E+00  9.524E-01  2.050E+01  4.71800E-01  3.4E-01   1  13   1
 -4.762E+00  1.429E+00  2.050E+01  1.00000E-35  1.0E-35   1  14   1
 -4.762E+00  1.905E+00  2.050E+01  1.00000E-35  1.0E-35   1  15   1
 -4.762E+00  2.381E+00  2.050E+01  1.00000E-35  1.0E-35   1  16   1
 -4.762E+00  2.857E+00  2.050E+01  1.00000E-35  1.0E-35   1  17   1
 -4.762E+00  3.333E+00  2.050E+01  1.00000E-35  1.0E-35   1  18   1
 -4.762E+00  3.810E+00  2.050E+01  1.00000E-35  1.0E-35   1  19   1
 -4.762E+00  4.286E+00  2.050E+01  1.00000E-35  1.0E-35   1  20   1
 -4.762E+00  4.762E+00  2.050E+01  1.00000E-35  1.0E-35   1  21   1
    
 -4.286E+00 -4.762E+00  2.050E+01  1.00000E-35  1.0E-35   2   1   1
 -4.286E+00 -4.286E+00  2.050E+01  1.00000E-35  1.0E-35   2   2   1
 -4.286E+00 -3.810E+00  2.050E+01  1.00000E-35  1.0E-35   2   3   1
 -4.286E+00 -3.333E+00  2.050E+01  1.00000E-35  1.0E-35   2   4   1
 -4.286E+00 -2.857E+00  2.050E+01  1.00000E-35  1.0E-35   2   5   1
 -4.286E+00 -2.381E+00  2.050E+01  1.00000E-35  1.0E-35   2   6   1
 -4.286E+00 -1.905E+00  2.050E+01  1.00000E-35  1.0E-35   2   7   1
 -4.286E+00 -1.429E+00  2.050E+01  1.00000E-35  1.0E-35   2   8   1
 -4.286E+00 -9.524E-01  2.050E+01  2.50159E-01  2.5E-01   2   9   1
 -4.286E+00 -4.762E-01  2.050E+01  5.76064E-01  3.8E-01   2  10   1
 -4.286E+00  5.000E-09  2.050E+01  6.60210E-01  4.0E-01   2  11   1
 -4.286E+00  4.762E-01  2.050E+01  4.75639E-01  3.5E-01   2  12   1
 -4.286E+00  9.524E-01  2.050E+01  3.44544E-01  2.9E-01   2  13   1
 -4.286E+00  1.429E+00  2.050E+01  1.00000E-35  1.0E-35   2  14   1
 -4.286E+00  1.905E+00  2.050E+01  1.00000E-35  1.0E-35   2  15   1
 -4.286E+00  2.381E+00  2.050E+01  1.00000E-35  1.0E-35   2  16   1
 -4.286E+00  2.857E+00  2.050E+01  1.00000E-35  1.0E-35   2  17   1
 -4.286E+00  3.333E+00  2.050E+01  1.00000E-35  1.0E-35   2  18   1
 -4.286E+00  3.810E+00  2.050E+01  1.00000E-35  1.0E-35   2  19   1
 -4.286E+00  4.286E+00  2.050E+01  1.00000E-35  1.0E-35   2  20   1
 -4.286E+00  4.762E+00  2.050E+01  1.00000E-35  1.0E-35   2  21   1
    
 -3.810E+00 -4.762E+00  2.050E+01  1.00000E-35  1.0E-35   3   1   1
 -3.810E+00 -4.286E+00  2.050E+01  1.00000E-35  1.0E-35   3   2   1
 -3.810E+00 -3.810E+00  2.050E+01  1.00000E-35  1.0E-35   3   3   1
 -3.810E+00 -3.333E+00  2.050E+01  1.00000E-35  1.0E-35   3   4   1
 -3.810E+00 -2.857E+00  2.050E+01  1.00000E-35  1.0E-35   3   5   1
 -3.810E+00 -2.381E+00  2.050E+01  1.00000E-35  1.0E-35   3   6   1
 -3.810E+00 -1.905E+00  2.050E+01  1.00000E-35  1.0E-35   3   7   1
 -3.810E+00 -1.429E+00  2.050E+01  1.00000E-35  1.0E-35   3   8   1
 -3.810E+00 -9.524E-01  2.050E+01  2.72243E-01  2.6E-01   3   9   1
 -3.810E+00 -4.762E-01  2.050E+01  6.44978E-01  4.0E-01   3  10   1
 -3.810E+00  5.000E-09  2.050E+01  5.32936E-01  3.6E-01   3  11   1
 -3.810E+00  4.762E-01  2.050E+01  2.80331E-01  2.7E-01   3  12   1
 -3.810E+00  9.524E-01  2.050E+01  2.65235E-01  2.5E-01   3  13   1
 -3.810E+00  1.429E+00  2.050E+01  1.00000E-35  1.0E-35   3  14   1
 -3.810E+00  1.905E+00  2.050E+01  1.00000E-35  1.0E-35   3  15   1
 -3.810E+00  2.381E+00  2.050E+01  1.00000E-35  1.0E-35   3  16   1
 -3.810E+00  2.857E+00  2.050E+01  1.00000E-35  1.0E-35   3  17   1
 -3.810E+00  3.333E+00  2.050E+01  1.00000E-35  1.0E-35   3  18   1
 -3.810E+00  3.810E+00  2.050E+01  1.00000E-35  1.0E-35   3  19   1
 -3.810E+00  4.286E+00  2.050E+01  1.00000E-35  1.0E-35   3  20   1
 -3.810E+00  4.762E+00  2.050E+01  1.00000E-35  1.0E-35   3  21   1
    
 -3.333E+00 -4.762E+00  2.050E+01  1.00000E-35  1.0E-35   4   1   1
 -3.333E+00 -4.286E+00  2.050E+01  1.00000E-35  1.0E-35   4   2   1
 -3.333E+00 -3.810E+00  2.050E+01  1.00000E-35  1.0E-35   4   3   1
 -3.333E+00 -3.333E+00  2.050E+01  1.00000E-35  1.0E-35   4   4   1
 -3.333E+00 -2.857E+00  2.050E+01  1.00000E-35  1.0E-35   4   5   1
 -3.333E+00 -2.381E+00  2.050E+01  1.00000E-35  1.0E-35   4   6   1
 -3.333E+00 -1.905E+00  2.050E+01  1.00000E-35  1.0E-35   4   7   1
 -3.333E+00 -1.429E+00  2.050E+01  1.00000E-35  1.0E-35   4   8   1
 -3.333E+00 -9.524E-01  2.050E+01  5.45889E-01  3.7E-01   4   9   1
 -3.333E+00 -4.762E-01  2.050E+01  5.48788E-01  3.7E-01   4  10   1
 -3.333E+00  5.000E-09  2.050E+01  4.93810E-01  3.5E-01   4  11   1
 -3.333E+00  4.762E-01  2.050E+01  5.01198E-01  3.5E-01   4  12   1
 -3.333E+00  9.524E-01  2.050E+01  3.58961E-01  3.0E-01   4  13   1
 -3.333E+00  1.429E+00  2.050E+01  1.00000E-35  1.0E-35   4  14   1
 -3.333E+00  1.905E+00  2.050E+01  1.00000E-35  1.0E-35   4  15   1
 -3.333E+00  2.381E+00  2.050E+01  1.00000E-35  1.0E-35   4  16   1
 -3.333E+00  2.857E+00  2.050E+01  1.00000E-35  1.0E-35   4  17   1
 -3.333E+00  3.333E+00  2.050E+01  1.00000E-35  1.0E-35   4  18   1
 -3.333E+00  3.810E+00  2.050E+01  1.00000E-35  1.0E-35   4  19   1
 -3.333E+00  4.286E+00  2.050E+01  1.00000E-35  1.0E-35   4  20   1
 -3.333E+00  4.762E+00  2.050E+01  1.00000E-35  1.0E-35   4  21   1
    
 -2.857E+00 -4.762E+00  2.050E+01  1.00000E-35  1.0E-35   5   1   1
 -2.857E+00 -4.286E+00  2.050E+01  1.00000E-35  1.0E-35   5   2   1
 -2.857E+00 -3.810E+00  2.050E+01  1.00000E-35  1.0E-35   5   3   1
 -2.857E+00 -3.333E+00  2.050E+01  1.00000E-35  1.0E-35   5   4   1
 -2.857E+00 -2.857E+00  2.050E+01  1.00000E-35  1.0E-35   5   5   1
 -2.857E+00 -2.381E+00  2.050E+01  1.00000E-35  1.0E-35   5   6   1
 -2.857E+00 -1.905E+00  2.050E+01  1.00000E-35  1.0E-35   5   7   1
 -2.857E+00 -1.429E+00  2.050E+01  1.00000E-35  1.0E-35   5   8   1
 -2.857E+00 -9.524E-01  2.050E+01  2.76364E-01  2.6E-01   5   9   1
 -2.857E+00 -4.762E-01  2.050E+01  7.97855E-01  4.5E-01   5  10   1
 -2.857E+00  5.000E-09  2.050E+01  5.48650E-01  3.7E-01   5  11   1
 -2.857E+00  4.762E-01  2.050E+01  5.49791E-01  3.7E-01   5  12   1
 -2.857E+00  9.524E-01  2.050E+01  3.85201E-01  3.1E-01   5  13   1
 -2.857E+00  1.429E+00  2.050E+01  1.00000E-35  1.0E-35   5  14   1
 -2.857E+00  1.905E+00  2.050E+01  1.00000E-35  1.0E-35   5  15   1
 -2.857E+00  2.381E+00  2.050E+01  1.00000E-35  1.0E-35   5  16   1
 -2.857E+00  2.857E+00  2.050E+01  1.00000E-35  1.0E-35   5  17   1
 -2.857E+00  3.333E+00  2.050E+01  1.00000E-35  1.0E-35   5  18   1
 -2.857E+00  3.810E+00  2.050E+01  1.00000E-35  1.0E-35   5  19   1
 -2.857E+00  4.286E+00  2.050E+01  1.00000E-35  1.0E-35   5  20   1
 -2.857E+00  4.762E+00  2.050E+01  1.00000E-35  1.0E-35   5  21   1
    
 -2.381E+00 -4.762E+00  2.050E+01  1.00000E-35  1.0E-35   6   1   1
 -2.381E+00 -4.286E+00  2.050E+01  1.00000E-35  1.0E-35   6   2   1
 -2.381E+00 -3.810E+00  2.050E+01  1.00000E-35  1.0E-35   6   3   1
 -2.381E+00 -3.333E+00  2.050E+01  1.00000E-35  1.0E-35   6   4   1
 -2.381E+00 -2.857E+00  2.050E+01  1.00000E-35  1.0E-35   6   5   1
 -2.381E+00 -2.381E+00  2.050E+01  1.00000E-35  1.0E-35   6   6   1
 -2.381E+00 -1.905E+00  2.050E+01  1.00000E-35  1.0E-35   6   7   1
 -2.381E+00 -1.429E+00  2.050E+01  1.00000E-35  1.0E-35   6   8   1
 -2.381E+00 -9.524E-01  2.050E+01  3.42160E-01  2.9E-01   6   9   1
 -2.381E+00 -4.762E-01  2.050E+01  7.39014E-01  4.3E-01   6  10   1
 -2.381E+00  5.000E-09  2.050E+01  3.07305E-01  2.8E-01   6  11   1
 -2.381E+00  4.762E-01  2.050E+01  3.58907E-01  3.0E-01   6  12   1
 -2.381E+00  9.524E-01  2.050E+01  3.28957E-01  2.9E-01   6  13   1
 -2.381E+00  1.429E+00  2.050E+01  1.00000E-35  1.0E-35   6  14   1
 -2.381E+00  1.905E+00  2.050E+01  1.00000E-35  1.0E-35   6  15   1
 -2.381E+00  2.381E+00  2.050E+01  1.00000E-35  1.0E-35   6  16   1
 -2.381E+00  2.857E+00  2.050E+01  1.00000E-35  1.0E-35   6  17   1
 -2.381E+00  3.333E+00  2.050E+01  1.00000E-35  1.0E-35   6  18   1
 -2.381E+00  3.810E+00  2.050E+01  1.00000E-35  1.0E-35   6  19   1
 -2.381E+00  4.286E+00  2.050E+01  1.00000E-35  1.0E-35   6  20   1
 -2.381E+00  4.762E+00  2.050E+01  1.00000E-35  1.0E-35   6  21   1
    
 -1.905E+00 -4.762E+00  2.050E+01  1.00000E-35  1.0E-35   7   1   1
 -1.905E+00 -4.286E+00  2.050E+01  1.00000E-35  1.0E-35   7   2   1
 -1.905E+00 -3.810E+00  2.050E+01  1.00000E-35  1.0E-35   7   3   1
 -1.905E+00 -3.333E+00  2.050E+01  1.00000E-35  1.0E-35   7   4   1
 -1.905E+00 -2.857E+00  2.050E+01  1.00000E-35  1.0E-35   7   5   1
 -1.905E+00 -2.381E+00  2.050E+01  1.00000E-35  1.0E-35   7   6   1
 -1.905E+00 -1.905E+00  2.050E+01  1.00000E-35  1.0E-35   7   7   1
 -1.905E+00 -1.429E+00  2.050E+01  1.00000E-35  1.0E-35   7   8   1
 -1.905E+00 -9.524E-01  2.050E+01  2.95583E-01  2.7E-01   7   9   1
 -1.905E+00 -4.762E-01  2.050E+01  4.62533E-01  3.4E-01   7  10   1
 -1.905E+00  5.000E-09  2.050E+01  5.55750E-01  3.7E-01   7  11   1
 -1.905E+00  4.762E-01  2.050E+01  6.71789E-01  4.1E-01   7  12   1
 -1.905E+00  9.524E-01  2.050E+01  4.42723E-01  3.3E-01   7  13   1
 -1.905E+00  1.429E+00  2.050E+01  1.00000E-35  1.0E-35   7  14   1
 -1.905E+00  1.905E+00  2.050E+01  1.00000E-35  1.0E-35   7  15   1
 -1.905E+00  2.381E+00  2.050E+01  1.00000E-35  1.0E-35   7  16   1
 -1.905E+00  2.857E+00  2.050E+01  1.00000E-35  1.0E-35   7  17   1
 -1.905E+00  3.333E+00  2.050E+01  1.00000E-35  1.0E-35   7  18   1
 -1.905E+00  3.810E+00  2.050E+01  1.00000E-35  1.0E-35   7  19   1
 -1.905E+00  4.286E+00  2.050E+01  1.00000E-35  1.0E-35   7  20   1
 -1.905E+00  4.762E+00  2.050E+01  1.00000E-35  1.0E-35   7  21   1
    
 -1.429E+00 -4.762E+00  2.050E+01  1.00000E-35  1.0E-35   8   1   1
 -1.429E+00 -4.286E+00  2.050E+01  1.00000E-35  1.0E-35   8   2   1
 -1.429E+00 -3.810E+00  2.050E+01  1.00000E-35  1.0E-35   8   3   1
 -1.429E+00 -3.333E+00  2.050E+01  1.00000E-35  1.0E-35   8   4   1
 -1.429E+00 -2.857E+00  2.050E+01  1.00000E-35  1.0E-35   8   5   1
 -1.429E+00 -2.381E+00  2.050E+01  1.00000E-35  1.0E-35   8   6   1
 -1.429E+00 -1.905E+00  2.050E+01  1.00000E-35  1.0E-35   8   7   1
 -1.429E+00 -1.429E+00  2.050E+01  1.00000E-35  1.0E-35   8   8   1
 -1.429E+00 -9.524E-01  2.050E+01  5.69174E-01  3.7E-01   8   9   1
 -1.429E+00 -4.762E-01  2.050E+01  4.20903E-01  3.2E-01   8  10   1
 -1.429E+00  5.000E-09  2.050E+01  6.04476E-01  3.9E-01   8  11   1
 -1.429E+00  4.762E-01  2.050E+01  3.59878E-01  3.0E-01   8  12   1
 -1.429E+00  9.524E-01  2.050E+01  4.26774E-01  3.3E-01   8  13   1
 -1.429E+00  1.429E+00  2.050E+01  1.00000E-35  1.0E-35   8  14   1
 -1.429E+00  1.905E+00  2.050E+01  1.00000E-35  1.0E-35   8  15   1
 -1.429E+00  2.381E+00  2.050E+01  1.00000E-35  1.0E-35   8  16   1
 -1.429E+00  2.857E+00  2.050E+01  1.00000E-35  1.0E-35   8  17   1
 -1.429E+00  3.333E+00  2.050E+01  1.00000E-35  1.0E-35   8  18   1
 -1.429E+00  3.810E+00  2.050E+01  1.00000E-35  1.0E-35   8  19   1
 -1.429E+00  4.286E+00  2.050E+01  1.00000E-35  1.0E-35   8  20   1
 -1.429E+00  4.762E+00  2.050E+01  1.00000E-35  1.0E-35   8  21   1
    
 -9.524E-01 -4.762E+00  2.050E+01  1.00000E-35  1.0E-35   9   1   1
 -9.524E-01 -4.286E+00  2.050E+01  1.00000E-35  1.0E-35   9   2   1
 -9.524E-01 -3.810E+00  2.050E+01  1.00000E-35  1.0E-35   9   3   1
 -9.524E-01 -3.333E+00  2.050E+01  1.00000E-35  1.0E-35   9   4   1
 -9.524E-01 -2.857E+00  2.050E+01  1.00000E-35  1.0E-35   9   5   1
 -9.524E-01 -2.381E+00  2.050E+01  1.00000E-35  1.0E-35   9   6   1
 -9.524E-01 -1.905E+00  2.050E+01  1.00000E-35  1.0E-35   9   7   1
 -9.524E-01 -1.429E+00  2.050E+01  1.00000E-35  1.0E-35   9   8   1
 -9.524E-01 -9.524E-01  2.050E+01  2.45238E-01  2.5E-01   9   9   1
 -9.524E-01 -4.762E-01  2.050E+01  5.30904E-01  3.7E-01   9  10   1
 -9.524E-01  5.000E-09  2.050E+01  3.88927E-01  3.1E-01   9  11   1
 -9.524E-01  4.762E-01  2.050E+01  5.18185E-01  3.6E-01   9  12   1
 -9.524E-01  9.524E-01  2.050E+01  3.07670E-01  2.8E-01   9  13   1
 -9.524E-01  1.429E+00  2.050E+01  1.00000E-35  1.0E-35   9  14   1
 -9.524E-01  1.905E+00  2.050E+01  1.00000E-35  1.0E-35   9  15   1
 -9.524E-01  2.381E+00  2.050E+01  1.00000E-35  1.0E-35   9  16   1
 -9.524E-01  2.857E+00  2.050E+01  1.00000E-35  1.0E-35   9  17   1
 -9.524E-01  3.333E+00  2.050E+01  1.00000E-35  1.0E-35   9  18   1
 -9.524E-01  3.810E+00  2.050E+01  1.00000E-35  1.0E-35   9  19   1
 -9.524E-01  4.286E+00  2.050E+01  1.00000E-35  1.0E-35   9  20   1
 -9.524E-01  4.762E+00  2.050E+01  1.00000E-35  1.0E-35   9  21   1
    
 -4.762E-01 -4.762E+00  2.050E+01  1.00000E-35  1.0E-35  10   1   1
 -4.762E-01 -4.286E+00  2.050E+01  1.00000E-35  1.0E-35  10   2   1
 -4.762E-01 -3.810E+00  2.050E+01  1.00000E-35  1.0E-35  10   3   1
 -4.762E-01 -3.333E+00  2.050E+01  1.00000E-35  1.0E-35  10   4   1
 -4.762E-01 -2.857E+00  2.050E+01  1.00000E-35  1.0E-35  10   5   1
 -4.762E-01 -2.381E+00  2.050E+01  1.00000E-35  1.0E-35  10   6   1
 -4.762E-01 -1.905E+00  2.050E+01  1.00000E-35  1.0E-35  10   7   1
 -4.762E-01 -1.429E+00  2.050E+01  1.00000E-35  1.0E-35  10   8   1
 -4.762E-01 -9.524E-01  2.050E+01  3.98323E-01  3.2E-01  10   9   1
 -4.762E-01 -4.762E-01  2.050E+01  4.72133E-01  3.4E-01  10  10   1
 -4.762E-01  5.000E-09  2.050E+01  7.12236E-01  4.2E-01  10  11   1
 -4.762E-01  4.762E-01  2.050E+01  5.46318E-01  3.7E-01  10  12   1
 -4.762E-01  9.524E-01  2.050E+01  1.95699E-01  2.2E-01  10  13   1
 -4.762E-01  1.429E+00  2.050E+01  1.00000E-35  1.0E-35  10  14   1
 -4.762E-01  1.905E+00  2.050E+01  1.00000E-35  1.0E-35  10  15   1
 -4.762E-01  2.381E+00  2.050E+01  1.00000E-35  1.0E-35  10  16   1
 -4.762E-01  2.857E+00  2.050E+01  1.00000E-35  1.0E-35  10  17   1
 -4.762E-01  3.333E+00  2.050E+01  1.00000E-35  1.0E-35  10  18   1
 -4.762E-01  3.810E+00  2.050E+01  1.00000E-35  1.0E-35  10  19   1
 -4.762E-01  4.286E+00  2.050E+01  1.00000E-35  1.0E-35  10  20   1
 -4.762E-01  4.762E+00  2.050E+01  1.00000E-35  1.0E-35  10  21   1
    
  5.000E-09 -4.762E+00  2.050E+01  1.00000E-35  1.0E-35  11   1   1
  5.000E-09 -4.286E+00  2.050E+01  1.00000E-35  1.0E-35  11   2   1
  5.000E-09 -3.810E+00  2.050E+01  1.00000E-35  1.0E-35  11   3   1
  5.000E-09 -3.333E+00  2.050E+01  1.00000E-35  1.0E-35  11   4   1
  5.000E-09 -2.857E+00  2.050E+01  1.00000E-35  1.0E-35  11   5   1
  5.000E-09 -2.381E+00  2.050E+01  1.00000E-35  1.0E-35  11   6   1
  5.000E-09 -1.905E+00  2.050E+01  1.00000E-35  1.0E-35  11   7   1
  5.000E-09 -1.429E+00  2.050E+01  1.00000E-35  1.0E-35  11   8   1
  5.000E-09 -9.524E-01  2.050E+01  2.26979E-01  2.4E-01  11   9   1
  5.000E-09 -4.762E-01  2.050E+01  6.54756E-01  4.0E-01  11  10   1
  5.000E-09  5.000E-09  2.050E+01  6.11485E-01  3.9E-01  11  11   1
  5.000E-09  4.762E-01  2.050E+01  7.81282E-01  4.4E-01  11  12   1
  5.000E-09  9.524E-01  2.050E+01  2.65085E-01  2.5E-01  11  13   1
  5.000E-09  1.429E+00  2.050E+01  1.00000E-35  1.0E-35  11  14   1
  5.000E-09  1.905E+00  2.050E+01  1.00000E-35  1.0E-35  11  15   1
  5.000E-09  2.381E+00  2.050E+01  1.00000E-35  1.0E-35  11  16   1
  5.000E-09  2.857E+00  2.050E+01  1.00000E-35  1.0E-35  11  17   1
  5.000E-09  3.333E+00  2.050E+01  1.00000E-35  1.0E-35  11  18   1
  5.000E-09  3.810E+00  2.050E+01  1.00000E-35  1.0E-35  11  19   1
  5.000E-09  4.286E+00  2.050E+01  1.00000E-35  1.0E-35  11  20   1
  5.000E-09  4.762E+00  2.050E+01  1.00000E-35  1.0E-35  11  21   1
    
  4.762E-01 -4.762E+00  2.050E+01  1.00000E-35  1.0E-35  12   1   1
  4.762E-01 -4.286E+00  2.050E+01  1.00000E-35  1.0E-35  12   2   1
  4.762E-01 -3.810E+00  2.050E+01  1.00000E-35  1.0E-35  12   3   1
  4.762E-01 -3.333E+00  2.050E+01  1.00000E-35  1.0E-35  12   4   1
  4.762E-01 -2.857E+00  2.050E+01  1.00000E-35  1.0E-35  12   5   1
  4.762E-01 -2.381E+00  2.050E+01  1.00000E-35  1.0E-35  12   6   1
  4.762E-01 -1.905E+00  2.050E+01  1.00000E-35  1.0E-35  12   7   1
  4.762E-01 -1.429E+00  2.050E+01  1.00000E-35  1.0E-35  12   8   1
  4.762E-01 -9.524E-01  2.050E+01  3.00945E-01  2.7E-01  12   9   1
  4.762E-01 -4.762E-01  2.050E+01  4.39020E-01  3.3E-01  12  10   1
  4.762E-01  5.000E-09  2.050E+01  4.19264E-01  3.2E-01  12  11   1
  4.762E-01  4.762E-01  2.050E+01  5.26753E-01  3.6E-01  12  12   1
  4.762E-01  9.524E-01  2.050E+01  2.71600E-01  2.6E-01  12  13   1
  4.762E-01  1.429E+00  2.050E+01  1.00000E-35  1.0E-35  12  14   1
  4.762E-01  1.905E+00  2.050E+01  1.00000E-35  1.0E-35  12  15   1
  4.762E-01  2.381E+00  2.050E+01  1.00000E-35  1.0E-35  12  16   1
  4.762E-01  2.857E+00  2.050E+01  1.00000E-35  1.0E-35  12  17   1
  4.762E-01  3.333E+00  2.050E+01  1.00000E-35  1.0E-35  12  18   1
  4.762E-01  3.810E+00  2.050E+01  1.00000E-35  1.0E-35  12  19   1
  4.762E-01  4.286E+00  2.050E+01  1.00000E-35  1.0E-35  12  20   1
  4.762E-01  4.762E+00  2.050E+01  1.00000E-35  1.0E-35  12  21   1
    
  9.524E-01 -4.762E+00  2.050E+01  1.00000E-35  1.0E-35  13   1   1
  9.524E-01 -4.286E+00  2.050E+01  1.00000E-35  1.0E-35  13   2   1
  9.524E-01 -3.810E+00  2.050E+01  1.00000E-35  1.0E-35  13   3   1
  9.524E-01 -3.333E+00  2.050E+01  1.00000E-35  1.0E-35  13   4   1
  9.524E-01 -2.857E+00  2.050E+01  1.00000E-35  1.0E-35  13   5   1
  9.524E-01 -2.381E+00  2.050E+01  1.00000E-35  1.0E-35  13   6   1
  9.524E-01 -1.905E+00  2.050E+01  1.00000E-35  1.0E-35  13   7   1
  9.524E-01 -1.429E+00  2.050E+01  1.00000E-35  1.0E-35  13   8   1
  9.524E-01 -9.524E-01  2.050E+01  3.53819E-01  2.9E-01  13   9   1
  9.524E-01 -4.762E-01  2.050E+01  3.82755E-01  3.1E-01  13  10   1
  9.524E-01  5.000E-09  2.050E+01  3.81265E-01  3.1E-01  13  11   1
  9.524E-01  4.762E-01  2.050E+01  4.90166E-01  3.5E-01  13  12   1
  9.524E-01  9.524E-01  2.050E+01  3.83671E-01  3.1E-01  13  13   1
  9.524E-01  1.429E+00  2.050E+01  1.00000E-35  1.0E-35  13  14   1
  9.524E-01  1.905E+00  2.050E+01  1.00000E-35  1.0E-35  13  15   1
  9.524E-01  2.381E+00  2.050E+01  1.00000E-35  1.0E-35  13  16   1
  9.524E-01  2.857E+00  2.050E+01  1.00000E-35  1.0E-35  13  17   1
  9.524E-01  3.333E+00  2.050E+01  1.00000E-35  1.0E-35  13  18   1
  9.524E-01  3.810E+00  2.050E+01  1.00000E-35  1.0E-35  13  19   1
  9.524E-01  4.286E+00  2.050E+01  1.00000E-35  1.0E-35  13  20   1
  9.524E-01  4.762E+00  2.050E+01  1.00000E-35  1.0E-35  13  21   1
    
  1.429E+00 -4.762E+00  2.050E+01  1.00000E-35  1.0E-35  14   1   1
  1.429E+00 -4.286E+00  2.050E+01  1.00000E-35  1.0E-35  14   2   1
  1.429E+00 -3.810E+00  2.050E+01  1.00000E-35  1.0E-35  14   3   1
  1.429E+00 -3.333E+00  2.050E+01  1.00000E-35  1.0E-35  14   4   1
  1.429E+00 -2.857E+00  2.050E+01  1.00000E-35  1.0E-35  14   5   1
  1.429E+00 -2.381E+00  2.050E+01  1.00000E-35  1.0E-35  14   6   1
  1.429E+00 -1.905E+00  2.050E+01  1.00000E-35  1.0E-35  14   7   1
  1.429E+00 -1.429E+00  2.050E+01  1.00000E-35  1.0E-35  14   8   1
  1.429E+00 -9.524E-01  2.050E+01  1.67924E-01  2.1E-01  14   9   1
  1.429E+00 -4.762E-01  2.050E+01  5.84898E-01  3.8E-01  14  10   1
  1.429E+00  5.000E-09  2.050E+01  4.47724E-01  3.3E-01  14  11   1
  1.429E+00  4.762E-01  2.050E+01  4.36603E-01  3.3E-01  14  12   1
  1.429E+00  9.524E-01  2.050E+01  2.56065E-01  2.6E-01  14  13   1
  1.429E+00  1.429E+00  2.050E+01  1.00000E-35  1.0E-35  14  14   1
  1.429E+00  1.905E+00  2.050E+01  1.00000E-35  1.0E-35  14  15   1
  1.429E+00  2.381E+00  2.050E+01  1.00000E-35  1.0E-35  14  16   1
  1.429E+00  2.857E+00  2.050E+01  1.00000E-35  1.0E-35  14  17   1
  1.429E+00  3.333E+00  2.050E+01  1.00000E-35  1.0E-35  14  18   1
  1.429E+00  3.810E+00  2.050E+01  1.00000E-35  1.0E-35  14  19   1
  1.429E+00  4.286E+00  2.050E+01  1.00000E-35  1.0E-35  14  20   1
  1.429E+00  4.762E+00  2.050E+01  1.00000E-35  1.0E-35  14  21   1
    
  1.905E+00 -4.762E+00  2.050E+01  1.00000E-35  1.0E-35  15   1   1
  1.905E+00 -4.286E+00  2.050E+01  1.00000E-35  1.0E-35  15   2   1
  1.905E+00 -3.810E+00  2.050E+01  1.00000E-35  1.0E-35  15   3   1
  1.905E+00 -3.333E+00  2.050E+01  1.00000E-35  1.0E-35  15   4   1
  1.905E+00 -2.857E+00  2.050E+01  1.00000E-35  1.0E-35  15   5   1
  1.905E+00 -2.381E+00  2.050E+01  1.00000E-35  1.0E-35  15   6   1
  1.905E+00 -1.905E+00  2.050E+01  1.00000E-35  1.0E-35  15   7   1
  1.905E+00 -1.429E+00  2.050E+01  1.00000E-35  1.0E-35  15   8   1
  1.905E+00 -9.524E-01  2.050E+01  5.13124E-01  3.5E-01  15   9   1
  1.905E+00 -4.762E-01  2.050E+01  5.52293E-01  3.7E-01  15  10   1
  1.905E+00  5.000E-09  2.050E+01  6.58057E-01  4.0E-01  15  11   1
  1.905E+00  4.762E-01  2.050E+01  3.88145E-01  3.1E-01  15  12   1
  1.905E+00  9.524E-01  2.050E+01  4.46747E-01  3.4E-01  15  13   1
  1.905E+00  1.429E+00  2.050E+01  1.00000E-35  1.0E-35  15  14   1
  1.905E+00  1.905E+00  2.050E+01  1.00000E-35  1.0E-35  15  15   1
  1.905E+00  2.381E+00  2.050E+01  1.00000E-35  1.0E-35  15  16   1
  1.905E+00  2.857E+00  2.050E+01  1.00000E-35  1.0E-35  15  17   1
  1.905E+00  3.333E+00  2.050E+01  1.00000E-35  1.0E-35  15  18   1
  1.905E+00  3.810E+00  2.050E+01  1.00000E-35  1.0E-35  15  19   1
  1.905E+00  4.286E+00  2.050E+01  1.00000E-35  1.0E-35  15  20   1
  1.905E+00  4.762E+00  2.050E+01  1.00000E-35  1.0E-35  15  21   1
    
  2.381E+00 -4.762E+00  2.050E+01  1.00000E-35  1.0E-35  16   1   1
  2.381E+00 -4.286E+00  2.050E+01  1.00000E-35  1.0E-35  16   2   1
  2.381E+00 -3.810E+00  2.050E+01  1.00000E-35  1.0E-35  16   3   1
  2.381E+00 -3.333E+00  2.050E+01  1.00000E-35  1.0E-35  16   4   1
  2.381E+00 -2.857E+00  2.050E+01  1.00000E-35  1.0E-35  16   5   1
  2.381E+00 -2.381E+00  2.050E+01  1.00000E-35  1.0E-35  16   6   1
  2.381E+00 -1.905E+00  2.050E+01  1.00000E-35  1.0E-35  16   7   1
  2.381E+00 -1.429E+00  2.050E+01  1.00000E-35  1.0E-35  16   8   1
  2.381E+00 -9.524E-01  2.050E+01  3.29310E-01  2.9E-01  16   9   1
  2.381E+00 -4.762E-01  2.050E+01  6.02354E-01  3.9E-01  16  10   1
  2.381E+00  5.000E-09  2.050E+01  5.88096E-01  3.9E-01  16  11   1
  2.381E+00  4.762E-01  2.050E+01  6.59421E-01  4.0E-01  16  12   1
  2.381E+00  9.524E-01  2.050E+01  4.68469E-01  3.4E-01  16  13   1
  2.381E+00  1.429E+00  2.050E+01  1.00000E-35  1.0E-35  16  14   1
  2.381E+00  1.905E+00  2.050E+01  1.00000E-35  1.0E-35  16  15   1
  2.381E+00  2.381E+00  2.050E+01  1.00000E-35  1.0E-35  16  16   1
  2.381E+00  2.857E+00  2.050E+01  1.00000E-35  1.0E-35  16  17   1
  2.381E+00  3.333E+00  2.050E+01  1.00000E-35  1.0E-35  16  18   1
  2.381E+00  3.810E+00  2.050E+01  1.00000E-35  1.0E-35  16  19   1
  2.381E+00  4.286E+00  2.050E+01  1.00000E-35  1.0E-35  16  20   1
  2.381E+00  4.762E+00  2.050E+01  1.00000E-35  1.0E-35  16  21   1
    
  2.857E+00 -4.762E+00  2.050E+01  1.00000E-35  1.0E-35  17   1   1
  2.857E+00 -4.286E+00  2.050E+01  1.00000E-35  1.0E-35  17   2   1
  2.857E+00 -3.810E+00  2.050E+01  1.00000E-35  1.0E-35  17   3   1
  2.857E+00 -3.333E+00  2.050E+01  1.00000E-35  1.0E-35  17   4   1
  2.857E+00 -2.857E+00  2.050E+01  1.00000E-35  1.0E-35  17   5   1
  2.857E+00 -2.381E+00  2.050E+01  1.00000E-35  1.0E-35  17   6   1
  2.857E+00 -1.905E+00  2.050E+01  1.00000E-35  1.0E-35  17   7   1
  2.857E+00 -1.429E+00  2.050E+01  1.00000E-35  1.0E-35  17   8   1
  2.857E+00 -9.524E-01  2.050E+01  3.32843E-01  2.9E-01  17   9   1
  2.857E+00 -4.762E-01  2.050E+01  5.86080E-01  3.8E-01  17  10   1
  2.857E+00  5.000E-09  2.050E+01  4.26651E-01  3.2E-01  17  11   1
  2.857E+00  4.762E-01  2.050E+01  5.79025E-01  3.8E-01  17  12   1
  2.857E+00  9.524E-01  2.050E+01  4.41046E-01  3.3E-01  17  13   1
  2.857E+00  1.429E+00  2.050E+01  1.00000E-35  1.0E-35  17  14   1
  2.857E+00  1.905E+00  2.050E+01  1.00000E-35  1.0E-35  17  15   1
  2.857E+00  2.381E+00  2.050E+01  1.00000E-35  1.0E-35  17  16   1
  2.857E+00  2.857E+00  2.050E+01  1.00000E-35  1.0E-35  17  17   1
  2.857E+00  3.333E+00  2.050E+01  1.00000E-35  1.0E-35  17  18   1
  2.857E+00  3.810E+00  2.050E+01  1.00000E-35  1.0E-35  17  19   1
  2.857E+00  4.286E+00  2.050E+01  1.00000E-35  1.0E-35  17  20   1
  2.857E+00  4.762E+00  2.050E+01  1.00000E-35  1.0E-35  17  21   1
    
  3.333E+00 -4.762E+00  2.050E+01  1.00000E-35  1.0E-35  18   1   1
  3.333E+00 -4.286E+00  2.050E+01  1.00000E-35  1.0E-35  18   2   1
  3.333E+00 -3.810E+00  2.050E+01  1.00000E-35  1.0E-35  18   3   1
  3.333E+00 -3.333E+00  2.050E+01  1.00000E-35  1.0E-35  18   4   1
  3.333E+00 -2.857E+00  2.050E+01  1.00000E-35  1.0E-35  18   5   1
  3.333E+00 -2.381E+00  2.050E+01  1.00000E-35  1.0E-35  18   6   1
  3.333E+00 -1.905E+00  2.050E+01  1.00000E-35  1.0E-35  18   7   1
  3.333E+00 -1.429E+00  2.050E+01  1.00000E-35  1.0E-35  18   8   1
  3.333E+00 -9.524E-01  2.050E+01  4.62262E-01  3.4E-01  18   9   1
  3.333E+00 -4.762E-01  2.050E+01  4.99244E-01  3.5E-01  18  10   1
  3.333E+00  5.000E-09  2.050E+01  5.64806E-01  3.7E-01  18  11   1
  3.333E+00  4.762E-01  2.050E+01  4.15585E-01  3.2E-01  18  12   1
  3.333E+00  9.524E-01  2.050E+01  5.57458E-01  3.7E-01  18  13   1
  3.333E+00  1.429E+00  2.050E+01  1.00000E-35  1.0E-35  18  14   1
  3.333E+00  1.905E+00  2.050E+01  1.00000E-35  1.0E-35  18  15   1
  3.333E+00  2.381E+00  2.050E+01  1.00000E-35  1.0E-35  18  16   1
  3.333E+00  2.857E+00  2.050E+01  1.00000E-35  1.0E-35  18  17   1
  3.333E+00  3.333E+00  2.050E+01  1.00000E-35  1.0E-35  18  18   1
  3.333E+00  3.810E+00  2.050E+01  1.00000E-35  1.0E-35  18  19   1
  3.333E+00  4.286E+00  2.050E+01  1.00000E-35  1.0E-35  18  20   1
  3.333E+00  4.762E+00  2.050E+01  1.00000E-35  1.0E-35  18  21   1
    
  3.810E+00 -4.762E+00  2.050E+01  1.00000E-35  1.0E-35  19   1   1
  3.810E+00 -4.286E+00  2.050E+01  1.00000E-35  1.0E-35  19   2   1
  3.810E+00 -3.810E+00  2.050E+01  1.00000E-35  1.0E-35  19   3   1
  3.810E+00 -3.333E+00  2.050E+01  1.00000E-35  1.0E-35  19   4   1
  3.810E+00 -2.857E+00  2.050E+01  1.00000E-35  1.0E-35  19   5   1
  3.810E+00 -2.381E+00  2.050E+01  1.00000E-35  1.0E-35  19   6   1
  3.810E+00 -1.905E+00  2.050E+01  1.00000E-35  1.0E-35  19   7   1
  3.810E+00 -1.429E+00  2.050E+01  1.00000E-35  1.0E-35  19   8   1
  3.810E+00 -9.524E-01  2.050E+01  3.85695E-01  3.1E-01  19   9   1
  3.810E+00 -4.762E-01  2.050E+01  3.85308E-01  3.1E-01  19  10   1
  3.810E+00  5.000E-09  2.050E+01  5.46057E-01  3.7E-01  19  11   1
  3.810E+00  4.762E-01  2.050E+01  3.64491E-01  3.0E-01  19  12   1
  3.810E+00  9.524E-01  2.050E+01  3.35438E-01  2.9E-01  19  13   1
  3.810E+00  1.429E+00  2.050E+01  1.00000E-35  1.0E-35  19  14   1
  3.810E+00  1.905E+00  2.050E+01  1.00000E-35  1.0E-35  19  15   1
  3.810E+00  2.381E+00  2.050E+01  1.00000E-35  1.0E-35  19  16   1
  3.810E+00  2.857E+00  2.050E+01  1.00000E-35  1.0E-35  19  17   1
  3.810E+00  3.333E+00  2.050E+01  1.00000E-35  1.0E-35  19  18   1
  3.810E+00  3.810E+00  2.050E+01  1.00000E-35  1.0E-35  19  19   1
  3.810E+00  4.286E+00  2.050E+01  1.00000E-35  1.0E-35  19  20   1
  3.810E+00  4.762E+00  2.050E+01  1.00000E-35  1.0E-35  19  21   1
    
  4.286E+00 -4.762E+00  2.050E+01  1.00000E-35  1.0E-35  20   1   1
  4.286E+00 -4.286E+00  2.050E+01  1.00000E-35  1.0E-35  20   2   1
  4.286E+00 -3.810E+00  2.050E+01  1.00000E-35  1.0E-35  20   3   1
  4.286E+00 -3.333E+00  2.050E+01  1.00000E-35  1.0E-35  20   4   1
  4.286E+00 -2.857E+00  2.050E+01  1.00000E-35  1.0E-35  20   5   1
  4.286E+00 -2.381E+00  2.050E+01  1.00000E-35  1.0E-35  20   6   1
  4.286E+00 -1.905E+00  2.050E+01  1.00000E-35  1.0E-35  20   7   1
  4.286E+00 -1.429E+00  2.050E+01  1.00000E-35  1.0E-35  20   8   1
  4.286E+00 -9.524E-01  2.050E+01  2.70281E-01  2.6E-01  20   9   1
  4.286E+00 -4.762E-01  2.050E+01  5.42662E-01  3.7E-01  20  10   1
  4.286E+00  5.000E-09  2.050E+01  4.67397E-01  3.4E-01  20  11   1
  4.286E+00  4.762E-01  2.050E+01  2.24704E-01  2.4E-01  20  12   1
  4.286E+00  9.524E-01  2.050E+01  3.60699E-01  3.0E-01  20  13   1
  4.286E+00  1.429E+00  2.050E+01  1.00000E-35  1.0E-35  20  14   1
  4.286E+00  1.905E+00  2.050E+01  1.00000E-35  1.0E-35  20  15   1
  4.286E+00  2.381E+00  2.050E+01  1.00000E-35  1.0E-35  20  16   1
  4.286E+00  2.857E+00  2.050E+01  1.00000E-35  1.0E-35  20  17   1
  4.286E+00  3.333E+00  2.050E+01  1.00000E-35  1.0E-35  20  18   1
  4.286E+00  3.810E+00  2.050E+01  1.00000E-35  1.0E-35  20  19   1
  4.286E+00  4.286E+00  2.050E+01  1.00000E-35  1.0E-35  20  20   1
  4.286E+00  4.762E+00  2.050E+01  1.00000E-35  1.0E-35  20  21   1
    
  4.762E+00 -4.762E+00  2.050E+01  1.00000E-35  1.0E-35  21   1   1
  4.762E+00 -4.286E+00  2.050E+01  1.00000E-35  1.0E-35  21   2   1
  4.762E+00 -3.810E+00  2.050E+01  1.00000E-35  1.0E-35  21   3   1
  4.762E+00 -3.333E+00  2.050E+01  1.00000E-35  1.0E-35  21   4   1
  4.762E+00 -2.857E+00  2.050E+01  1.00000E-35  1.0E-35  21   5   1
  4.762E+00 -2.381E+00  2.050E+01  1.00000E-35  1.0E-35  21   6   1
  4.762E+00 -1.905E+00  2.050E+01  1.00000E-35  1.0E-35  21   7   1
  4.762E+00 -1.429E+00  2.050E+01  1.00000E-35  1.0E-35  21   8   1
  4.762E+00 -9.524E-01  2.050E+01  2.39787E-01  2.4E-01  21   9   1
  4.762E+00 -4.762E-01  2.050E+01  4.45115E-01  3.3E-01  21  10   1
  4.762E+00  5.000E-09  2.050E+01  4.55719E-01  3.3E-01  21  11   1
  4.762E+00  4.762E-01  2.050E+01  5.25677E-01  3.6E-01  21  12   1
  4.762E+00  9.524E-01  2.050E+01  3.28822E-01  2.9E-01  21  13   1
  4.762E+00  1.429E+00  2.050E+01  1.00000E-35  1.0E-35  21  14   1
  4.762E+00  1.905E+00  2.050E+01  1.00000E-35  1.0E-35  21  15   1
  4.762E+00  2.381E+00  2.050E+01  1.00000E-35  1.0E-35  21  16   1
  4.762E+00  2.857E+00  2.050E+01  1.00000E-35  1.0E-35  21  17   1
  4.762E+00  3.333E+00  2.050E+01  1.00000E-35  1.0E-35  21  18   1
  4.762E+00  3.810E+00  2.050E+01  1.00000E-35  1.0E-35  21  19   1
  4.762E+00  4.286E+00  2.050E+01  1.00000E-35  1.0E-35  21  20   1
  4.762E+00  4.762E+00  2.050E+01  1.00000E-35  1.0E-35  21  21   1
    
    
